inspection_id,timestamp,batch_id,line_id,fabric_type,gsm,tensile_strength,defect_count,defect_type,is_defective,scrap_cost_usd
INS-1000,2026-09-01 00:00:00,BATCH-C,Line-2,Denim,166.3,44.86,0,Broken Yarn,1,0.0
INS-1002,2026-09-01 00:30:00,BATCH-A,Line-1,Cotton,193.0,42.03,6,Broken Yarn,1,150.0
INS-1004,2026-09-01 01:00:00,BATCH-C,Line-1,Polyester Blend,191.6,49.06,1,Broken Yarn,1,12.5
INS-1010,2026-09-01 02:30:00,BATCH-C,Line-3,Linen,182.3,42.15,1,Broken Yarn,1,12.5
INS-1011,2026-09-01 02:45:00,BATCH-C,Line-1,Polyester Blend,217.0,48.67,3,Stain,1,37.5
INS-1012,2026-09-01 03:00:00,BATCH-C,Line-2,Linen,175.6,41.92,2,Stain,1,80.0
INS-1013,2026-09-01 03:15:00,BATCH-C,Line-2,Denim,173.9,43.12,0,Crease,1,0.0
INS-1017,2026-09-01 04:15:00,BATCH-D,Line-1,Linen,169.2,52.84,2,Broken Yarn,1,50.0
INS-1019,2026-09-01 04:45:00,BATCH-C,Line-2,Cotton,180.6,39.81,1,Stain,1,12.5
INS-1021,2026-09-01 05:15:00,BATCH-A,Line-2,Polyester Blend,178.6,42.48,4,Crease,1,100.0
INS-1022,2026-09-01 05:30:00,BATCH-B,Line-3,Denim,185.5,36.26,0,Crease,1,0.0
INS-1025,2026-09-01 06:15:00,BATCH-B,Line-3,Denim,198.3,56.5,1,Broken Yarn,1,12.5
INS-1028,2026-09-01 07:00:00,BATCH-D,Line-1,Linen,212.9,40.38,1,Broken Yarn,1,25.0
INS-1030,2026-09-01 07:30:00,BATCH-A,Line-3,Denim,185.6,52.28,6,Broken Yarn,1,75.0
INS-1031,2026-09-01 07:45:00,BATCH-A,Line-1,Cotton,210.0,46.56,4,Broken Yarn,1,100.0
INS-1035,2026-09-01 08:45:00,BATCH-A,Line-3,Cotton,172.2,47.24,0,Broken Yarn,1,0.0
INS-1037,2026-09-01 09:15:00,BATCH-A,Line-2,Polyester Blend,171.8,43.11,0,Hole,1,0.0
INS-1047,2026-09-01 11:45:00,BATCH-C,Line-1,Polyester Blend,178.3,54.38,0,Broken Yarn,1,0.0
INS-1050,2026-09-01 12:30:00,BATCH-C,Line-2,Linen,179.1,51.46,2,Stain,1,50.0
INS-1052,2026-09-01 13:00:00,BATCH-C,Line-1,Polyester Blend,156.3,48.97,1,Stain,1,40.0
INS-1055,2026-09-01 13:45:00,BATCH-D,Line-2,Linen,165.5,43.38,2,Crease,1,25.0
INS-1057,2026-09-01 14:15:00,BATCH-A,Line-1,Polyester Blend,173.1,46.82,0,Stain,1,0.0
INS-1059,2026-09-01 14:45:00,BATCH-A,Line-1,Linen,198.8,40.51,2,Broken Yarn,1,80.0
INS-1060,2026-09-01 15:00:00,BATCH-C,Line-1,Polyester Blend,197.2,54.41,2,Hole,1,50.0
INS-1062,2026-09-01 15:30:00,BATCH-A,Line-2,Polyester Blend,171.6,56.45,1,Stain,1,12.5
INS-1064,2026-09-01 16:00:00,BATCH-C,Line-3,Cotton,204.6,36.11,2,Broken Yarn,1,25.0
INS-1066,2026-09-01 16:30:00,BATCH-D,Line-1,Denim,157.6,39.82,1,Hole,1,12.5
INS-1069,2026-09-01 17:15:00,BATCH-B,Line-2,Denim,176.1,46.15,1,Hole,1,12.5
INS-1070,2026-09-01 17:30:00,BATCH-B,Line-1,Cotton,168.5,50.27,1,Stain,1,12.5
INS-1076,2026-09-01 19:00:00,BATCH-D,Line-1,Denim,169.0,47.13,4,Broken Yarn,1,50.0
INS-1078,2026-09-01 19:30:00,BATCH-C,Line-3,Polyester Blend,187.4,38.27,1,Stain,1,12.5
INS-1079,2026-09-01 19:45:00,BATCH-D,Line-3,Denim,164.6,48.41,0,Stain,1,0.0
INS-1084,2026-09-01 21:00:00,BATCH-C,Line-2,Denim,160.9,43.17,0,Broken Yarn,1,0.0
INS-1086,2026-09-01 21:30:00,BATCH-B,Line-3,Linen,150.8,44.44,1,Broken Yarn,1,25.0
INS-1093,2026-09-01 23:15:00,BATCH-B,Line-3,Linen,200.5,41.93,3,Hole,1,75.0
INS-1094,2026-09-01 23:30:00,BATCH-B,Line-1,Denim,165.1,42.45,1,Stain,1,40.0
INS-1105,2026-09-02 02:15:00,BATCH-B,Line-3,Polyester Blend,179.9,44.79,1,Broken Yarn,1,40.0
INS-1109,2026-09-02 03:15:00,BATCH-C,Line-2,Cotton,188.0,46.89,2,Hole,1,80.0
INS-1110,2026-09-02 03:30:00,BATCH-D,Line-2,Denim,195.2,46.71,1,Hole,1,40.0
INS-1111,2026-09-02 03:45:00,BATCH-C,Line-2,Polyester Blend,184.8,38.56,3,Broken Yarn,1,37.5
INS-1114,2026-09-02 04:30:00,BATCH-C,Line-3,Polyester Blend,187.0,45.87,1,Stain,1,25.0
INS-1117,2026-09-02 05:15:00,BATCH-B,Line-3,Polyester Blend,177.5,45.6,3,Hole,1,37.5
INS-1123,2026-09-02 06:45:00,BATCH-C,Line-2,Denim,147.6,46.72,0,Broken Yarn,1,0.0
INS-1124,2026-09-02 07:00:00,BATCH-A,Line-3,Linen,185.5,53.83,0,Broken Yarn,1,0.0
INS-1126,2026-09-02 07:30:00,BATCH-B,Line-3,Denim,195.2,40.57,2,Hole,1,80.0
INS-1129,2026-09-02 08:15:00,BATCH-D,Line-1,Linen,178.9,48.86,0,Stain,1,0.0
INS-1130,2026-09-02 08:30:00,BATCH-D,Line-2,Denim,196.4,40.48,1,Stain,1,40.0
INS-1131,2026-09-02 08:45:00,BATCH-A,Line-1,Cotton,188.6,52.28,1,Broken Yarn,1,40.0
INS-1132,2026-09-02 09:00:00,BATCH-A,Line-2,Denim,143.5,36.72,3,Hole,1,37.5
INS-1133,2026-09-02 09:15:00,BATCH-A,Line-1,Linen,182.8,55.68,1,Broken Yarn,1,25.0
INS-1134,2026-09-02 09:30:00,BATCH-C,Line-1,Cotton,183.5,49.28,0,Hole,1,0.0
INS-1136,2026-09-02 10:00:00,BATCH-A,Line-2,Cotton,170.8,36.76,0,Broken Yarn,1,0.0
INS-1137,2026-09-02 10:15:00,BATCH-A,Line-1,Polyester Blend,197.9,45.85,1,Crease,1,12.5
INS-1138,2026-09-02 10:30:00,BATCH-C,Line-2,Linen,198.7,44.33,1,Broken Yarn,1,12.5
INS-1143,2026-09-02 11:45:00,BATCH-D,Line-3,Polyester Blend,180.5,51.5,1,Crease,1,40.0
INS-1146,2026-09-02 12:30:00,BATCH-C,Line-1,Polyester Blend,176.8,38.09,1,Crease,1,25.0
INS-1150,2026-09-02 13:30:00,BATCH-C,Line-3,Denim,175.4,48.79,1,Broken Yarn,1,40.0
INS-1152,2026-09-02 14:00:00,BATCH-A,Line-1,Linen,178.9,40.84,2,Crease,1,25.0
INS-1156,2026-09-02 15:00:00,BATCH-C,Line-1,Linen,180.6,40.83,1,Broken Yarn,1,25.0
INS-1160,2026-09-02 16:00:00,BATCH-C,Line-3,Linen,167.6,45.27,0,Stain,1,0.0
INS-1162,2026-09-02 16:30:00,BATCH-D,Line-1,Denim,192.9,46.32,2,Broken Yarn,1,80.0
INS-1163,2026-09-02 16:45:00,BATCH-D,Line-1,Polyester Blend,148.1,37.38,1,Stain,1,25.0
INS-1174,2026-09-02 19:30:00,BATCH-D,Line-2,Denim,211.9,48.84,0,Stain,1,0.0
INS-1175,2026-09-02 19:45:00,BATCH-B,Line-2,Denim,190.3,43.33,0,Crease,1,0.0
INS-1176,2026-09-02 20:00:00,BATCH-C,Line-1,Cotton,185.6,44.33,1,Hole,1,25.0
INS-1182,2026-09-02 21:30:00,BATCH-B,Line-2,Denim,171.9,49.89,1,Broken Yarn,1,40.0
INS-1185,2026-09-02 22:15:00,BATCH-A,Line-1,Cotton,184.1,43.3,1,Crease,1,12.5
INS-1190,2026-09-02 23:30:00,BATCH-C,Line-3,Polyester Blend,202.2,46.65,1,Broken Yarn,1,12.5
INS-1193,2026-09-03 00:15:00,BATCH-C,Line-2,Linen,201.5,51.36,1,Stain,1,40.0
INS-1194,2026-09-03 00:30:00,BATCH-C,Line-1,Polyester Blend,182.4,39.23,2,Stain,1,80.0
INS-1195,2026-09-03 00:45:00,BATCH-B,Line-1,Cotton,167.2,45.57,2,Crease,1,50.0
INS-1196,2026-09-03 01:00:00,BATCH-B,Line-3,Linen,177.3,43.02,1,Stain,1,12.5
INS-1201,2026-09-03 02:15:00,BATCH-D,Line-2,Denim,191.5,47.14,1,Broken Yarn,1,12.5
INS-1202,2026-09-03 02:30:00,BATCH-C,Line-2,Polyester Blend,174.7,36.68,1,Stain,1,25.0
INS-1206,2026-09-03 03:30:00,BATCH-D,Line-2,Linen,160.6,41.6,1,Crease,1,25.0
INS-1208,2026-09-03 04:00:00,BATCH-B,Line-2,Denim,191.4,48.69,3,Stain,1,37.5
INS-1209,2026-09-03 04:15:00,BATCH-A,Line-2,Polyester Blend,188.8,44.21,3,Stain,1,37.5
INS-1210,2026-09-03 04:30:00,BATCH-C,Line-3,Cotton,203.2,45.21,3,Crease,1,37.5
INS-1211,2026-09-03 04:45:00,BATCH-C,Line-3,Cotton,194.2,39.98,2,Stain,1,80.0
INS-1212,2026-09-03 05:00:00,BATCH-A,Line-3,Cotton,190.3,49.28,0,Broken Yarn,1,0.0
INS-1217,2026-09-03 06:15:00,BATCH-A,Line-3,Polyester Blend,184.8,48.9,3,Crease,1,75.0
INS-1219,2026-09-03 06:45:00,BATCH-C,Line-1,Denim,196.8,46.77,1,Hole,1,12.5
INS-1222,2026-09-03 07:30:00,BATCH-B,Line-2,Cotton,183.5,45.55,3,Crease,1,75.0
INS-1226,2026-09-03 08:30:00,BATCH-A,Line-1,Denim,198.2,47.85,0,Broken Yarn,1,0.0
INS-1230,2026-09-03 09:30:00,BATCH-B,Line-3,Denim,174.1,41.31,1,Broken Yarn,1,12.5
INS-1231,2026-09-03 09:45:00,BATCH-D,Line-1,Polyester Blend,173.8,39.54,1,Broken Yarn,1,25.0
INS-1234,2026-09-03 10:30:00,BATCH-D,Line-2,Polyester Blend,180.4,52.24,4,Stain,1,160.0
INS-1238,2026-09-03 11:30:00,BATCH-C,Line-1,Polyester Blend,191.0,33.18,0,Hole,1,0.0
INS-1241,2026-09-03 12:15:00,BATCH-C,Line-2,Denim,170.0,39.67,2,Broken Yarn,1,25.0
INS-1242,2026-09-03 12:30:00,BATCH-D,Line-3,Cotton,204.1,41.16,5,Broken Yarn,1,125.0
INS-1245,2026-09-03 13:15:00,BATCH-B,Line-2,Cotton,185.8,42.92,2,Broken Yarn,1,25.0
INS-1246,2026-09-03 13:30:00,BATCH-A,Line-3,Denim,196.0,48.1,2,Crease,1,50.0
INS-1247,2026-09-03 13:45:00,BATCH-A,Line-3,Linen,192.7,47.05,1,Broken Yarn,1,40.0
INS-1250,2026-09-03 14:30:00,BATCH-B,Line-3,Cotton,166.4,46.87,3,Hole,1,120.0
INS-1251,2026-09-03 14:45:00,BATCH-A,Line-1,Cotton,175.5,35.81,3,Stain,1,37.5
INS-1254,2026-09-03 15:30:00,BATCH-A,Line-1,Denim,171.3,47.86,1,Broken Yarn,1,40.0
INS-1260,2026-09-03 17:00:00,BATCH-A,Line-3,Cotton,186.8,41.65,2,Broken Yarn,1,25.0
INS-1267,2026-09-03 18:45:00,BATCH-D,Line-2,Linen,180.7,52.78,3,Broken Yarn,1,75.0
INS-1272,2026-09-03 20:00:00,BATCH-D,Line-2,Cotton,186.4,40.77,2,Hole,1,80.0
INS-1274,2026-09-03 20:30:00,BATCH-A,Line-2,Denim,173.8,41.21,0,Crease,1,0.0
INS-1276,2026-09-03 21:00:00,BATCH-A,Line-2,Cotton,169.6,47.65,2,Stain,1,50.0
INS-1278,2026-09-03 21:30:00,BATCH-A,Line-3,Linen,139.3,43.21,3,Broken Yarn,1,120.0
INS-1281,2026-09-03 22:15:00,BATCH-D,Line-3,Denim,185.0,46.51,1,Stain,1,25.0
INS-1282,2026-09-03 22:30:00,BATCH-B,Line-3,Cotton,172.7,48.79,2,Stain,1,50.0
INS-1286,2026-09-03 23:30:00,BATCH-A,Line-2,Polyester Blend,179.2,39.91,2,Stain,1,50.0
INS-1289,2026-09-04 00:15:00,BATCH-D,Line-3,Denim,165.7,50.54,3,Broken Yarn,1,37.5
INS-1290,2026-09-04 00:30:00,BATCH-A,Line-2,Polyester Blend,164.0,47.69,4,Hole,1,50.0
INS-1291,2026-09-04 00:45:00,BATCH-C,Line-2,Polyester Blend,151.0,51.67,4,Broken Yarn,1,100.0
INS-1292,2026-09-04 01:00:00,BATCH-A,Line-1,Denim,172.8,47.09,3,Stain,1,37.5
INS-1293,2026-09-04 01:15:00,BATCH-B,Line-2,Denim,190.7,49.32,3,Stain,1,120.0
INS-1296,2026-09-04 02:00:00,BATCH-B,Line-2,Denim,181.9,48.63,1,Stain,1,40.0
INS-1298,2026-09-04 02:30:00,BATCH-A,Line-2,Polyester Blend,150.8,46.75,1,Crease,1,25.0
INS-1301,2026-09-04 03:15:00,BATCH-A,Line-2,Polyester Blend,169.1,49.1,0,Crease,1,0.0
INS-1302,2026-09-04 03:30:00,BATCH-C,Line-3,Cotton,177.7,50.32,0,Broken Yarn,1,0.0
INS-1304,2026-09-04 04:00:00,BATCH-B,Line-1,Cotton,185.3,43.27,1,Stain,1,12.5
INS-1305,2026-09-04 04:15:00,BATCH-A,Line-2,Cotton,205.3,43.63,2,Broken Yarn,1,80.0
INS-1308,2026-09-04 05:00:00,BATCH-D,Line-3,Cotton,188.1,51.66,1,Stain,1,12.5
INS-1309,2026-09-04 05:15:00,BATCH-B,Line-1,Denim,198.8,45.22,0,Hole,1,0.0
INS-1311,2026-09-04 05:45:00,BATCH-C,Line-3,Polyester Blend,179.9,32.35,1,Hole,1,40.0
INS-1312,2026-09-04 06:00:00,BATCH-D,Line-1,Linen,186.7,44.82,1,Hole,1,25.0
INS-1314,2026-09-04 06:30:00,BATCH-C,Line-2,Polyester Blend,171.6,40.51,2,Broken Yarn,1,80.0
INS-1317,2026-09-04 07:15:00,BATCH-A,Line-2,Polyester Blend,178.0,42.06,0,Broken Yarn,1,0.0
INS-1318,2026-09-04 07:30:00,BATCH-C,Line-3,Polyester Blend,167.7,47.86,1,Hole,1,40.0
INS-1319,2026-09-04 07:45:00,BATCH-B,Line-3,Polyester Blend,177.5,41.26,2,Broken Yarn,1,50.0
INS-1327,2026-09-04 09:45:00,BATCH-C,Line-1,Linen,188.3,42.14,2,Stain,1,80.0
INS-1334,2026-09-04 11:30:00,BATCH-B,Line-3,Cotton,178.2,44.35,2,Hole,1,50.0
INS-1336,2026-09-04 12:00:00,BATCH-A,Line-1,Linen,167.4,44.08,2,Broken Yarn,1,50.0
INS-1337,2026-09-04 12:15:00,BATCH-C,Line-1,Denim,195.0,48.26,0,Crease,1,0.0
INS-1338,2026-09-04 12:30:00,BATCH-D,Line-1,Cotton,175.5,46.58,0,Stain,1,0.0
INS-1340,2026-09-04 13:00:00,BATCH-C,Line-3,Denim,181.1,52.23,1,Crease,1,40.0
INS-1343,2026-09-04 13:45:00,BATCH-B,Line-3,Polyester Blend,201.9,42.1,3,Hole,1,37.5
INS-1344,2026-09-04 14:00:00,BATCH-C,Line-2,Denim,192.6,52.18,0,Broken Yarn,1,0.0
INS-1350,2026-09-04 15:30:00,BATCH-D,Line-2,Linen,172.5,41.0,3,Crease,1,75.0
INS-1351,2026-09-04 15:45:00,BATCH-A,Line-1,Linen,169.7,52.53,0,Crease,1,0.0
INS-1352,2026-09-04 16:00:00,BATCH-A,Line-3,Linen,181.3,38.84,1,Hole,1,25.0
INS-1354,2026-09-04 16:30:00,BATCH-D,Line-2,Denim,185.5,39.5,1,Broken Yarn,1,40.0
INS-1355,2026-09-04 16:45:00,BATCH-C,Line-3,Denim,203.8,43.24,0,Crease,1,0.0
INS-1356,2026-09-04 17:00:00,BATCH-B,Line-3,Polyester Blend,166.7,48.2,0,Hole,1,0.0
INS-1361,2026-09-04 18:15:00,BATCH-A,Line-1,Linen,173.1,50.81,0,Broken Yarn,1,0.0
INS-1362,2026-09-04 18:30:00,BATCH-A,Line-1,Linen,167.9,41.03,1,Stain,1,40.0
INS-1368,2026-09-04 20:00:00,BATCH-C,Line-1,Polyester Blend,199.1,46.95,2,Broken Yarn,1,80.0
INS-1370,2026-09-04 20:30:00,BATCH-D,Line-3,Denim,165.8,49.71,0,Broken Yarn,1,0.0
INS-1374,2026-09-04 21:30:00,BATCH-A,Line-1,Cotton,180.7,44.17,0,Hole,1,0.0
INS-1376,2026-09-04 22:00:00,BATCH-D,Line-2,Linen,210.3,47.83,1,Stain,1,12.5
INS-1378,2026-09-04 22:30:00,BATCH-B,Line-2,Linen,185.7,52.76,1,Hole,1,40.0
INS-1379,2026-09-04 22:45:00,BATCH-A,Line-3,Linen,163.2,34.17,3,Stain,1,120.0
INS-1381,2026-09-04 23:15:00,BATCH-B,Line-3,Denim,175.9,47.66,1,Broken Yarn,1,25.0
INS-1383,2026-09-04 23:45:00,BATCH-A,Line-2,Denim,160.8,48.67,2,Hole,1,50.0
INS-1386,2026-09-05 00:30:00,BATCH-C,Line-3,Cotton,200.3,36.18,2,Broken Yarn,1,50.0
INS-1387,2026-09-05 00:45:00,BATCH-C,Line-3,Linen,168.1,43.53,2,Stain,1,50.0
INS-1389,2026-09-05 01:15:00,BATCH-A,Line-1,Linen,194.2,47.48,3,Broken Yarn,1,75.0
INS-1392,2026-09-05 02:00:00,BATCH-D,Line-3,Polyester Blend,179.9,48.7,0,Broken Yarn,1,0.0
INS-1395,2026-09-05 02:45:00,BATCH-D,Line-2,Polyester Blend,170.8,42.46,1,Stain,1,40.0
INS-1397,2026-09-05 03:15:00,BATCH-B,Line-3,Denim,168.4,43.7,1,Broken Yarn,1,40.0
INS-1401,2026-09-05 04:15:00,BATCH-D,Line-2,Linen,178.9,50.56,5,Broken Yarn,1,125.0
INS-1402,2026-09-05 04:30:00,BATCH-C,Line-3,Denim,161.1,46.86,0,Broken Yarn,1,0.0
INS-1405,2026-09-05 05:15:00,BATCH-D,Line-2,Linen,191.0,43.39,2,Crease,1,25.0
INS-1407,2026-09-05 05:45:00,BATCH-D,Line-3,Cotton,167.4,45.52,1,Hole,1,25.0
INS-1409,2026-09-05 06:15:00,BATCH-B,Line-1,Linen,181.7,41.38,2,Broken Yarn,1,80.0
INS-1411,2026-09-05 06:45:00,BATCH-D,Line-3,Cotton,182.4,43.09,1,Hole,1,12.5
INS-1412,2026-09-05 07:00:00,BATCH-B,Line-3,Linen,171.0,47.96,4,Broken Yarn,1,160.0
INS-1415,2026-09-05 07:45:00,BATCH-A,Line-1,Polyester Blend,186.3,50.21,1,Broken Yarn,1,25.0
INS-1416,2026-09-05 08:00:00,BATCH-A,Line-1,Cotton,186.7,44.93,1,Broken Yarn,1,40.0
INS-1419,2026-09-05 08:45:00,BATCH-B,Line-3,Cotton,155.7,48.19,2,Stain,1,50.0
INS-1421,2026-09-05 09:15:00,BATCH-B,Line-1,Denim,189.3,44.66,1,Broken Yarn,1,12.5
INS-1423,2026-09-05 09:45:00,BATCH-C,Line-2,Denim,190.0,44.82,2,Hole,1,25.0
INS-1424,2026-09-05 10:00:00,BATCH-D,Line-2,Denim,175.2,43.82,3,Crease,1,37.5
INS-1425,2026-09-05 10:15:00,BATCH-A,Line-2,Denim,169.9,42.36,1,Crease,1,40.0
INS-1427,2026-09-05 10:45:00,BATCH-D,Line-3,Denim,164.9,47.42,0,Hole,1,0.0
INS-1432,2026-09-05 12:00:00,BATCH-A,Line-1,Linen,171.1,44.36,1,Crease,1,12.5
INS-1434,2026-09-05 12:30:00,BATCH-D,Line-3,Cotton,172.5,36.74,1,Broken Yarn,1,12.5
INS-1435,2026-09-05 12:45:00,BATCH-D,Line-1,Denim,201.7,37.62,1,Stain,1,40.0
INS-1436,2026-09-05 13:00:00,BATCH-D,Line-3,Polyester Blend,185.1,45.97,1,Stain,1,12.5
INS-1439,2026-09-05 13:45:00,BATCH-C,Line-1,Denim,171.1,50.85,2,Stain,1,25.0
INS-1444,2026-09-05 15:00:00,BATCH-D,Line-3,Denim,171.4,37.57,1,Hole,1,12.5
INS-1452,2026-09-05 17:00:00,BATCH-B,Line-2,Cotton,185.8,48.51,2,Broken Yarn,1,80.0
INS-1457,2026-09-05 18:15:00,BATCH-D,Line-3,Denim,182.3,50.29,0,Crease,1,0.0
INS-1461,2026-09-05 19:15:00,BATCH-A,Line-2,Linen,188.0,42.57,1,Crease,1,12.5
INS-1463,2026-09-05 19:45:00,BATCH-A,Line-2,Denim,176.1,46.77,0,Stain,1,0.0
INS-1465,2026-09-05 20:15:00,BATCH-C,Line-1,Denim,187.9,51.39,0,Crease,1,0.0
INS-1466,2026-09-05 20:30:00,BATCH-D,Line-1,Polyester Blend,191.2,38.4,0,Hole,1,0.0
INS-1478,2026-09-05 23:30:00,BATCH-A,Line-3,Cotton,207.9,42.9,2,Crease,1,25.0
INS-1480,2026-09-06 00:00:00,BATCH-D,Line-2,Polyester Blend,167.9,53.14,0,Stain,1,0.0
INS-1485,2026-09-06 01:15:00,BATCH-B,Line-1,Denim,180.4,39.61,3,Stain,1,37.5
INS-1486,2026-09-06 01:30:00,BATCH-C,Line-2,Linen,172.2,45.21,3,Broken Yarn,1,120.0
INS-1488,2026-09-06 02:00:00,BATCH-A,Line-1,Denim,178.9,51.06,1,Crease,1,40.0
INS-1490,2026-09-06 02:30:00,BATCH-D,Line-2,Linen,174.2,41.98,0,Crease,1,0.0
INS-1491,2026-09-06 02:45:00,BATCH-A,Line-2,Polyester Blend,166.7,41.82,0,Crease,1,0.0
INS-1495,2026-09-06 03:45:00,BATCH-C,Line-3,Cotton,189.5,45.79,1,Broken Yarn,1,12.5
INS-1497,2026-09-06 04:15:00,BATCH-D,Line-3,Polyester Blend,198.0,46.65,1,Crease,1,25.0
INS-1498,2026-09-06 04:30:00,BATCH-A,Line-3,Linen,167.8,40.9,1,Broken Yarn,1,40.0
INS-1501,2026-09-06 05:15:00,BATCH-A,Line-3,Linen,169.9,39.97,0,Broken Yarn,1,0.0
INS-1503,2026-09-06 05:45:00,BATCH-D,Line-1,Denim,153.8,48.28,0,Stain,1,0.0
INS-1507,2026-09-06 06:45:00,BATCH-C,Line-1,Cotton,183.1,43.49,3,Broken Yarn,1,37.5
INS-1509,2026-09-06 07:15:00,BATCH-B,Line-1,Linen,156.1,44.81,0,Stain,1,0.0
INS-1511,2026-09-06 07:45:00,BATCH-B,Line-3,Linen,141.1,32.31,1,Stain,1,40.0
INS-1514,2026-09-06 08:30:00,BATCH-B,Line-3,Polyester Blend,160.7,38.72,1,Stain,1,25.0
INS-1518,2026-09-06 09:30:00,BATCH-D,Line-2,Cotton,184.5,49.26,1,Stain,1,40.0
INS-1519,2026-09-06 09:45:00,BATCH-B,Line-3,Polyester Blend,184.3,52.5,1,Crease,1,40.0
INS-1522,2026-09-06 10:30:00,BATCH-B,Line-1,Cotton,158.2,41.47,2,Stain,1,50.0
INS-1524,2026-09-06 11:00:00,BATCH-B,Line-3,Cotton,172.4,45.58,2,Crease,1,50.0
INS-1526,2026-09-06 11:30:00,BATCH-C,Line-3,Denim,192.4,46.57,2,Crease,1,80.0
INS-1527,2026-09-06 11:45:00,BATCH-B,Line-2,Linen,171.3,44.81,2,Broken Yarn,1,50.0
INS-1528,2026-09-06 12:00:00,BATCH-B,Line-1,Denim,192.7,52.73,1,Stain,1,40.0
INS-1529,2026-09-06 12:15:00,BATCH-B,Line-3,Cotton,171.4,41.25,2,Broken Yarn,1,50.0
INS-1533,2026-09-06 13:15:00,BATCH-A,Line-1,Denim,181.0,39.54,0,Broken Yarn,1,0.0
INS-1534,2026-09-06 13:30:00,BATCH-C,Line-1,Denim,175.6,46.09,1,Broken Yarn,1,12.5
INS-1535,2026-09-06 13:45:00,BATCH-B,Line-3,Cotton,181.7,45.1,2,Hole,1,25.0
INS-1539,2026-09-06 14:45:00,BATCH-B,Line-2,Cotton,163.1,46.79,1,Broken Yarn,1,25.0
INS-1542,2026-09-06 15:30:00,BATCH-C,Line-3,Cotton,162.3,48.73,1,Stain,1,40.0
INS-1546,2026-09-06 16:30:00,BATCH-A,Line-2,Denim,190.3,46.03,2,Broken Yarn,1,50.0
INS-1548,2026-09-06 17:00:00,BATCH-B,Line-3,Linen,174.3,46.87,0,Broken Yarn,1,0.0
INS-1550,2026-09-06 17:30:00,BATCH-A,Line-1,Polyester Blend,196.1,47.17,1,Hole,1,40.0
INS-1553,2026-09-06 18:15:00,BATCH-D,Line-1,Cotton,184.0,51.72,1,Broken Yarn,1,40.0
INS-1554,2026-09-06 18:30:00,BATCH-A,Line-2,Denim,197.0,45.47,2,Broken Yarn,1,80.0
INS-1556,2026-09-06 19:00:00,BATCH-D,Line-3,Polyester Blend,176.9,43.68,1,Stain,1,12.5
INS-1558,2026-09-06 19:30:00,BATCH-D,Line-3,Cotton,197.0,40.61,1,Crease,1,12.5
INS-1559,2026-09-06 19:45:00,BATCH-B,Line-2,Linen,167.8,49.81,2,Stain,1,25.0
INS-1561,2026-09-06 20:15:00,BATCH-C,Line-1,Denim,164.0,43.9,1,Stain,1,25.0
INS-1564,2026-09-06 21:00:00,BATCH-D,Line-1,Cotton,180.8,46.07,2,Crease,1,50.0
INS-1565,2026-09-06 21:15:00,BATCH-B,Line-2,Linen,218.2,49.14,1,Broken Yarn,1,40.0
INS-1569,2026-09-06 22:15:00,BATCH-C,Line-2,Cotton,191.4,42.19,1,Crease,1,40.0
INS-1578,2026-09-07 00:30:00,BATCH-B,Line-2,Denim,171.4,51.75,4,Crease,1,50.0
INS-1580,2026-09-07 01:00:00,BATCH-B,Line-3,Polyester Blend,200.0,44.26,4,Stain,1,50.0
INS-1581,2026-09-07 01:15:00,BATCH-A,Line-1,Denim,177.9,42.34,0,Stain,1,0.0
INS-1582,2026-09-07 01:30:00,BATCH-D,Line-1,Linen,177.5,41.16,1,Stain,1,25.0
INS-1583,2026-09-07 01:45:00,BATCH-B,Line-3,Linen,170.3,40.62,0,Hole,1,0.0
INS-1588,2026-09-07 03:00:00,BATCH-D,Line-3,Cotton,183.9,48.51,0,Broken Yarn,1,0.0
INS-1589,2026-09-07 03:15:00,BATCH-A,Line-2,Cotton,195.8,45.91,0,Broken Yarn,1,0.0
INS-1590,2026-09-07 03:30:00,BATCH-A,Line-2,Linen,171.6,47.15,3,Hole,1,120.0
INS-1592,2026-09-07 04:00:00,BATCH-A,Line-3,Denim,212.9,49.32,2,Crease,1,80.0
INS-1596,2026-09-07 05:00:00,BATCH-A,Line-1,Linen,175.9,46.8,0,Stain,1,0.0
INS-1598,2026-09-07 05:30:00,BATCH-D,Line-1,Polyester Blend,188.7,52.31,5,Crease,1,125.0
INS-1599,2026-09-07 05:45:00,BATCH-B,Line-3,Denim,144.1,40.64,2,Crease,1,80.0
INS-1600,2026-09-07 06:00:00,BATCH-A,Line-3,Linen,161.0,55.12,2,Hole,1,25.0
INS-1602,2026-09-07 06:30:00,BATCH-D,Line-3,Polyester Blend,173.9,38.91,1,Hole,1,25.0
INS-1603,2026-09-07 06:45:00,BATCH-B,Line-3,Cotton,181.9,48.27,3,Stain,1,37.5
INS-1609,2026-09-07 08:15:00,BATCH-D,Line-3,Linen,183.1,49.06,0,Crease,1,0.0
INS-1612,2026-09-07 09:00:00,BATCH-D,Line-3,Cotton,184.1,42.86,5,Crease,1,62.5
INS-1614,2026-09-07 09:30:00,BATCH-B,Line-3,Linen,165.9,45.66,2,Hole,1,80.0
INS-1620,2026-09-07 11:00:00,BATCH-D,Line-1,Linen,177.8,46.39,1,Stain,1,25.0
INS-1622,2026-09-07 11:30:00,BATCH-C,Line-3,Linen,155.9,46.01,2,Hole,1,25.0
INS-1625,2026-09-07 12:15:00,BATCH-B,Line-3,Linen,162.3,48.16,2,Broken Yarn,1,80.0
INS-1627,2026-09-07 12:45:00,BATCH-B,Line-3,Polyester Blend,179.2,40.91,1,Stain,1,25.0
INS-1628,2026-09-07 13:00:00,BATCH-C,Line-1,Linen,158.9,40.83,2,Crease,1,25.0
INS-1629,2026-09-07 13:15:00,BATCH-C,Line-3,Polyester Blend,158.2,44.3,4,Stain,1,50.0
INS-1632,2026-09-07 14:00:00,BATCH-A,Line-1,Polyester Blend,180.2,40.02,2,Broken Yarn,1,50.0
INS-1633,2026-09-07 14:15:00,BATCH-A,Line-3,Cotton,182.3,38.84,1,Stain,1,12.5
INS-1640,2026-09-07 16:00:00,BATCH-B,Line-3,Linen,189.8,45.8,1,Stain,1,40.0
INS-1641,2026-09-07 16:15:00,BATCH-B,Line-2,Denim,172.6,57.67,3,Crease,1,75.0
INS-1642,2026-09-07 16:30:00,BATCH-D,Line-3,Cotton,195.9,48.39,1,Broken Yarn,1,12.5
INS-1645,2026-09-07 17:15:00,BATCH-A,Line-3,Cotton,188.4,34.89,0,Crease,1,0.0
INS-1646,2026-09-07 17:30:00,BATCH-A,Line-3,Cotton,210.5,47.35,0,Crease,1,0.0
INS-1647,2026-09-07 17:45:00,BATCH-A,Line-1,Linen,181.3,54.74,0,Crease,1,0.0
INS-1648,2026-09-07 18:00:00,BATCH-D,Line-1,Linen,189.5,40.93,0,Stain,1,0.0
INS-1650,2026-09-07 18:30:00,BATCH-C,Line-2,Polyester Blend,161.4,41.68,1,Stain,1,40.0
INS-1653,2026-09-07 19:15:00,BATCH-A,Line-1,Cotton,174.6,40.9,0,Broken Yarn,1,0.0
INS-1658,2026-09-07 20:30:00,BATCH-D,Line-2,Polyester Blend,196.0,42.51,3,Hole,1,75.0
INS-1664,2026-09-07 22:00:00,BATCH-A,Line-2,Cotton,187.9,46.32,0,Broken Yarn,1,0.0
INS-1666,2026-09-07 22:30:00,BATCH-B,Line-1,Cotton,183.9,41.02,1,Stain,1,40.0
INS-1667,2026-09-07 22:45:00,BATCH-D,Line-2,Denim,164.7,42.2,2,Crease,1,80.0
INS-1668,2026-09-07 23:00:00,BATCH-A,Line-1,Cotton,154.7,41.75,1,Broken Yarn,1,12.5
INS-1671,2026-09-07 23:45:00,BATCH-B,Line-1,Cotton,179.3,44.43,2,Hole,1,25.0
INS-1673,2026-09-08 00:15:00,BATCH-B,Line-1,Cotton,204.4,40.16,1,Stain,1,12.5
INS-1674,2026-09-08 00:30:00,BATCH-D,Line-2,Linen,182.4,43.08,2,Hole,1,25.0
INS-1675,2026-09-08 00:45:00,BATCH-A,Line-2,Denim,174.1,49.77,0,Crease,1,0.0
INS-1676,2026-09-08 01:00:00,BATCH-D,Line-3,Polyester Blend,172.1,40.97,3,Crease,1,120.0
INS-1679,2026-09-08 01:45:00,BATCH-B,Line-2,Polyester Blend,180.4,43.39,1,Crease,1,40.0
INS-1682,2026-09-08 02:30:00,BATCH-C,Line-2,Linen,178.7,45.73,3,Broken Yarn,1,37.5
INS-1684,2026-09-08 03:00:00,BATCH-A,Line-1,Polyester Blend,220.1,46.13,0,Hole,1,0.0
INS-1685,2026-09-08 03:15:00,BATCH-B,Line-3,Polyester Blend,194.4,46.28,0,Broken Yarn,1,0.0
INS-1687,2026-09-08 03:45:00,BATCH-A,Line-2,Cotton,162.6,38.49,1,Crease,1,40.0
INS-1688,2026-09-08 04:00:00,BATCH-C,Line-1,Linen,176.7,46.74,0,Stain,1,0.0
INS-1689,2026-09-08 04:15:00,BATCH-B,Line-2,Linen,190.1,41.34,2,Broken Yarn,1,25.0
INS-1692,2026-09-08 05:00:00,BATCH-A,Line-2,Cotton,147.0,35.97,0,Broken Yarn,1,0.0
INS-1695,2026-09-08 05:45:00,BATCH-D,Line-1,Polyester Blend,205.4,44.35,2,Broken Yarn,1,25.0
INS-1700,2026-09-08 07:00:00,BATCH-B,Line-2,Cotton,163.5,41.29,3,Stain,1,120.0
INS-1703,2026-09-08 07:45:00,BATCH-D,Line-3,Linen,167.1,45.45,3,Broken Yarn,1,75.0
INS-1704,2026-09-08 08:00:00,BATCH-A,Line-1,Linen,213.6,44.1,1,Crease,1,25.0
INS-1705,2026-09-08 08:15:00,BATCH-A,Line-3,Cotton,186.9,43.47,2,Broken Yarn,1,25.0
INS-1708,2026-09-08 09:00:00,BATCH-D,Line-2,Cotton,198.2,43.96,1,Hole,1,12.5
INS-1710,2026-09-08 09:30:00,BATCH-C,Line-1,Cotton,201.7,45.87,3,Broken Yarn,1,75.0
INS-1713,2026-09-08 10:15:00,BATCH-D,Line-2,Cotton,158.4,43.88,3,Stain,1,75.0
INS-1714,2026-09-08 10:30:00,BATCH-D,Line-1,Linen,182.7,48.48,0,Broken Yarn,1,0.0
INS-1715,2026-09-08 10:45:00,BATCH-D,Line-1,Denim,182.2,49.95,3,Broken Yarn,1,75.0
INS-1723,2026-09-08 12:45:00,BATCH-A,Line-3,Polyester Blend,191.8,46.89,4,Crease,1,50.0
INS-1724,2026-09-08 13:00:00,BATCH-A,Line-1,Polyester Blend,205.9,51.84,1,Stain,1,40.0
INS-1725,2026-09-08 13:15:00,BATCH-A,Line-3,Polyester Blend,190.1,43.22,2,Crease,1,25.0
INS-1727,2026-09-08 13:45:00,BATCH-C,Line-3,Linen,191.9,42.9,3,Crease,1,120.0
INS-1730,2026-09-08 14:30:00,BATCH-C,Line-1,Denim,186.7,45.15,1,Stain,1,25.0
INS-1735,2026-09-08 15:45:00,BATCH-C,Line-3,Cotton,195.4,47.22,1,Broken Yarn,1,25.0
INS-1736,2026-09-08 16:00:00,BATCH-D,Line-3,Cotton,168.2,42.56,3,Broken Yarn,1,75.0
INS-1737,2026-09-08 16:15:00,BATCH-A,Line-2,Polyester Blend,172.9,47.1,3,Stain,1,120.0
INS-1739,2026-09-08 16:45:00,BATCH-D,Line-3,Denim,184.2,41.84,3,Broken Yarn,1,120.0
INS-1742,2026-09-08 17:30:00,BATCH-B,Line-2,Denim,202.2,48.49,1,Crease,1,25.0
INS-1744,2026-09-08 18:00:00,BATCH-C,Line-1,Linen,189.0,38.55,2,Broken Yarn,1,25.0
INS-1746,2026-09-08 18:30:00,BATCH-C,Line-3,Denim,177.9,46.15,1,Broken Yarn,1,25.0
INS-1747,2026-09-08 18:45:00,BATCH-C,Line-3,Linen,196.3,39.59,2,Broken Yarn,1,50.0
INS-1750,2026-09-08 19:30:00,BATCH-D,Line-1,Linen,186.4,40.65,2,Broken Yarn,1,80.0
INS-1753,2026-09-08 20:15:00,BATCH-B,Line-1,Polyester Blend,176.7,41.21,0,Broken Yarn,1,0.0
INS-1755,2026-09-08 20:45:00,BATCH-B,Line-2,Linen,164.8,45.74,5,Hole,1,125.0
INS-1758,2026-09-08 21:30:00,BATCH-A,Line-2,Cotton,183.4,50.94,1,Broken Yarn,1,12.5
INS-1767,2026-09-08 23:45:00,BATCH-D,Line-2,Cotton,170.8,51.73,3,Broken Yarn,1,75.0
INS-1768,2026-09-09 00:00:00,BATCH-D,Line-1,Denim,190.4,48.69,1,Broken Yarn,1,40.0
INS-1770,2026-09-09 00:30:00,BATCH-A,Line-3,Linen,182.8,41.82,4,Stain,1,160.0
INS-1771,2026-09-09 00:45:00,BATCH-A,Line-3,Linen,193.5,35.71,1,Stain,1,12.5
INS-1773,2026-09-09 01:15:00,BATCH-D,Line-1,Cotton,173.6,43.22,0,Broken Yarn,1,0.0
INS-1775,2026-09-09 01:45:00,BATCH-A,Line-2,Polyester Blend,164.2,54.78,0,Hole,1,0.0
INS-1778,2026-09-09 02:30:00,BATCH-D,Line-3,Polyester Blend,151.8,47.33,1,Broken Yarn,1,12.5
INS-1783,2026-09-09 03:45:00,BATCH-D,Line-1,Denim,181.7,45.81,4,Broken Yarn,1,160.0
INS-1784,2026-09-09 04:00:00,BATCH-B,Line-1,Polyester Blend,186.9,43.58,2,Stain,1,50.0
INS-1787,2026-09-09 04:45:00,BATCH-D,Line-3,Linen,170.9,42.52,2,Broken Yarn,1,50.0
INS-1789,2026-09-09 05:15:00,BATCH-C,Line-3,Linen,183.0,41.8,1,Broken Yarn,1,12.5
INS-1803,2026-09-09 08:45:00,BATCH-A,Line-3,Linen,189.5,45.1,2,Broken Yarn,1,25.0
INS-1804,2026-09-09 09:00:00,BATCH-B,Line-2,Linen,183.3,46.53,0,Hole,1,0.0
INS-1808,2026-09-09 10:00:00,BATCH-B,Line-3,Linen,194.0,46.69,2,Broken Yarn,1,25.0
INS-1811,2026-09-09 10:45:00,BATCH-C,Line-1,Linen,199.6,46.13,1,Broken Yarn,1,40.0
INS-1815,2026-09-09 11:45:00,BATCH-A,Line-2,Polyester Blend,173.5,41.3,2,Broken Yarn,1,25.0
INS-1817,2026-09-09 12:15:00,BATCH-C,Line-3,Polyester Blend,174.9,43.17,2,Hole,1,50.0
INS-1818,2026-09-09 12:30:00,BATCH-D,Line-2,Denim,217.0,43.81,1,Broken Yarn,1,25.0
INS-1822,2026-09-09 13:30:00,BATCH-B,Line-1,Polyester Blend,183.4,40.83,3,Stain,1,120.0
INS-1823,2026-09-09 13:45:00,BATCH-C,Line-3,Linen,202.2,55.91,5,Stain,1,200.0
INS-1825,2026-09-09 14:15:00,BATCH-D,Line-3,Cotton,170.5,38.18,1,Hole,1,40.0
INS-1828,2026-09-09 15:00:00,BATCH-C,Line-2,Cotton,187.5,44.02,1,Crease,1,12.5
INS-1829,2026-09-09 15:15:00,BATCH-D,Line-3,Polyester Blend,192.2,49.75,1,Stain,1,40.0
INS-1831,2026-09-09 15:45:00,BATCH-A,Line-3,Linen,197.9,44.97,2,Stain,1,80.0
INS-1832,2026-09-09 16:00:00,BATCH-C,Line-3,Cotton,176.2,42.73,0,Crease,1,0.0
INS-1833,2026-09-09 16:15:00,BATCH-D,Line-2,Linen,186.7,46.7,1,Stain,1,25.0
INS-1834,2026-09-09 16:30:00,BATCH-A,Line-3,Polyester Blend,189.3,36.26,0,Stain,1,0.0
INS-1835,2026-09-09 16:45:00,BATCH-D,Line-2,Polyester Blend,185.5,54.91,1,Stain,1,40.0
INS-1837,2026-09-09 17:15:00,BATCH-A,Line-1,Polyester Blend,172.7,49.33,0,Stain,1,0.0
INS-1839,2026-09-09 17:45:00,BATCH-A,Line-3,Cotton,203.5,51.41,1,Hole,1,40.0
INS-1841,2026-09-09 18:15:00,BATCH-D,Line-1,Cotton,169.2,40.24,1,Broken Yarn,1,12.5
INS-1845,2026-09-09 19:15:00,BATCH-A,Line-3,Polyester Blend,159.7,40.53,4,Crease,1,50.0
INS-1846,2026-09-09 19:30:00,BATCH-B,Line-2,Cotton,176.1,40.13,1,Crease,1,40.0
INS-1848,2026-09-09 20:00:00,BATCH-C,Line-3,Polyester Blend,161.9,43.06,1,Crease,1,40.0
INS-1849,2026-09-09 20:15:00,BATCH-B,Line-3,Denim,160.8,38.06,2,Stain,1,50.0
INS-1850,2026-09-09 20:30:00,BATCH-C,Line-3,Denim,167.3,41.54,2,Broken Yarn,1,80.0
INS-1852,2026-09-09 21:00:00,BATCH-A,Line-1,Cotton,194.3,49.12,1,Crease,1,40.0
INS-1854,2026-09-09 21:30:00,BATCH-C,Line-1,Linen,208.2,49.79,1,Hole,1,40.0
INS-1855,2026-09-09 21:45:00,BATCH-A,Line-1,Cotton,191.8,35.17,1,Stain,1,12.5
INS-1856,2026-09-09 22:00:00,BATCH-C,Line-2,Denim,195.4,57.15,1,Stain,1,40.0
INS-1857,2026-09-09 22:15:00,BATCH-C,Line-1,Polyester Blend,182.0,51.5,1,Broken Yarn,1,12.5
INS-1863,2026-09-09 23:45:00,BATCH-B,Line-3,Polyester Blend,170.0,40.83,0,Broken Yarn,1,0.0
INS-1864,2026-09-10 00:00:00,BATCH-D,Line-2,Cotton,184.7,42.66,0,Hole,1,0.0
INS-1870,2026-09-10 01:30:00,BATCH-A,Line-1,Linen,182.3,40.34,2,Broken Yarn,1,25.0
INS-1872,2026-09-10 02:00:00,BATCH-B,Line-3,Cotton,182.8,49.21,4,Broken Yarn,1,160.0
INS-1874,2026-09-10 02:30:00,BATCH-B,Line-3,Cotton,199.4,49.02,2,Hole,1,80.0
INS-1875,2026-09-10 02:45:00,BATCH-C,Line-2,Linen,200.2,49.58,1,Stain,1,40.0
INS-1876,2026-09-10 03:00:00,BATCH-B,Line-1,Denim,202.1,54.69,0,Crease,1,0.0
INS-1877,2026-09-10 03:15:00,BATCH-B,Line-2,Polyester Blend,184.9,44.22,0,Hole,1,0.0
INS-1878,2026-09-10 03:30:00,BATCH-A,Line-1,Cotton,189.9,37.71,1,Crease,1,25.0
INS-1879,2026-09-10 03:45:00,BATCH-A,Line-1,Linen,167.0,46.36,2,Hole,1,25.0
INS-1880,2026-09-10 04:00:00,BATCH-A,Line-2,Cotton,192.5,41.65,3,Broken Yarn,1,120.0
INS-1884,2026-09-10 05:00:00,BATCH-D,Line-1,Cotton,193.6,40.82,1,Broken Yarn,1,25.0
INS-1886,2026-09-10 05:30:00,BATCH-A,Line-2,Linen,186.6,40.05,1,Hole,1,40.0
INS-1887,2026-09-10 05:45:00,BATCH-B,Line-1,Denim,164.5,43.78,4,Crease,1,100.0
INS-1890,2026-09-10 06:30:00,BATCH-C,Line-1,Linen,169.4,36.12,0,Crease,1,0.0
INS-1892,2026-09-10 07:00:00,BATCH-A,Line-2,Cotton,196.7,41.88,0,Stain,1,0.0
INS-1894,2026-09-10 07:30:00,BATCH-D,Line-3,Cotton,179.9,38.68,1,Broken Yarn,1,12.5
INS-1896,2026-09-10 08:00:00,BATCH-B,Line-2,Cotton,154.7,49.31,2,Hole,1,25.0
INS-1901,2026-09-10 09:15:00,BATCH-D,Line-1,Linen,182.8,45.55,5,Crease,1,200.0
INS-1902,2026-09-10 09:30:00,BATCH-B,Line-1,Linen,184.2,45.64,1,Stain,1,12.5
INS-1906,2026-09-10 10:30:00,BATCH-B,Line-3,Polyester Blend,196.3,44.73,2,Broken Yarn,1,50.0
INS-1907,2026-09-10 10:45:00,BATCH-C,Line-1,Polyester Blend,182.7,42.67,3,Stain,1,37.5
INS-1909,2026-09-10 11:15:00,BATCH-B,Line-1,Linen,179.3,45.06,3,Broken Yarn,1,75.0
INS-1910,2026-09-10 11:30:00,BATCH-C,Line-1,Cotton,167.4,42.68,2,Broken Yarn,1,25.0
INS-1911,2026-09-10 11:45:00,BATCH-A,Line-3,Cotton,186.0,39.83,2,Crease,1,25.0
INS-1912,2026-09-10 12:00:00,BATCH-A,Line-2,Linen,180.2,45.22,3,Crease,1,120.0
INS-1913,2026-09-10 12:15:00,BATCH-B,Line-1,Linen,182.8,53.04,0,Stain,1,0.0
INS-1914,2026-09-10 12:30:00,BATCH-D,Line-1,Denim,204.2,43.17,0,Broken Yarn,1,0.0
INS-1916,2026-09-10 13:00:00,BATCH-B,Line-3,Polyester Blend,184.3,55.57,2,Stain,1,50.0
INS-1920,2026-09-10 14:00:00,BATCH-A,Line-2,Polyester Blend,180.5,44.39,2,Stain,1,25.0
INS-1926,2026-09-10 15:30:00,BATCH-A,Line-3,Denim,167.5,44.02,0,Stain,1,0.0
INS-1927,2026-09-10 15:45:00,BATCH-D,Line-3,Denim,203.7,36.69,0,Stain,1,0.0
INS-1929,2026-09-10 16:15:00,BATCH-A,Line-3,Cotton,175.2,44.82,2,Hole,1,25.0
INS-1930,2026-09-10 16:30:00,BATCH-C,Line-2,Denim,169.1,50.89,1,Stain,1,25.0
INS-1932,2026-09-10 17:00:00,BATCH-A,Line-3,Cotton,176.4,47.3,0,Broken Yarn,1,0.0
INS-1933,2026-09-10 17:15:00,BATCH-A,Line-1,Denim,156.8,51.55,2,Crease,1,25.0
INS-1936,2026-09-10 18:00:00,BATCH-B,Line-3,Polyester Blend,197.1,42.4,1,Crease,1,12.5
INS-1937,2026-09-10 18:15:00,BATCH-A,Line-2,Cotton,185.2,43.64,2,Broken Yarn,1,50.0
INS-1941,2026-09-10 19:15:00,BATCH-A,Line-1,Cotton,183.5,43.14,3,Hole,1,120.0
INS-1944,2026-09-10 20:00:00,BATCH-A,Line-2,Denim,170.9,51.19,0,Broken Yarn,1,0.0
INS-1948,2026-09-10 21:00:00,BATCH-B,Line-3,Denim,232.4,43.2,2,Stain,1,25.0
INS-1950,2026-09-10 21:30:00,BATCH-C,Line-1,Denim,213.9,41.71,0,Broken Yarn,1,0.0
INS-1955,2026-09-10 22:45:00,BATCH-C,Line-1,Polyester Blend,158.4,47.39,1,Stain,1,40.0
INS-1957,2026-09-10 23:15:00,BATCH-A,Line-2,Cotton,204.2,51.14,1,Broken Yarn,1,12.5
INS-1959,2026-09-10 23:45:00,BATCH-C,Line-2,Linen,191.2,50.53,1,Crease,1,25.0
INS-1960,2026-09-11 00:00:00,BATCH-A,Line-2,Polyester Blend,163.7,44.7,2,Broken Yarn,1,50.0
INS-1961,2026-09-11 00:15:00,BATCH-A,Line-2,Polyester Blend,190.6,53.95,5,Broken Yarn,1,200.0
INS-1965,2026-09-11 01:15:00,BATCH-A,Line-2,Polyester Blend,205.3,42.9,1,Crease,1,25.0
INS-1967,2026-09-11 01:45:00,BATCH-B,Line-1,Cotton,172.9,46.61,3,Broken Yarn,1,75.0
INS-1968,2026-09-11 02:00:00,BATCH-B,Line-3,Linen,176.7,44.71,3,Broken Yarn,1,75.0
INS-1970,2026-09-11 02:30:00,BATCH-D,Line-1,Linen,201.3,51.08,2,Broken Yarn,1,25.0
INS-1971,2026-09-11 02:45:00,BATCH-C,Line-2,Polyester Blend,172.0,45.84,0,Broken Yarn,1,0.0
INS-1972,2026-09-11 03:00:00,BATCH-A,Line-1,Denim,158.7,46.32,1,Broken Yarn,1,12.5
INS-1976,2026-09-11 04:00:00,BATCH-D,Line-3,Polyester Blend,173.5,49.37,2,Stain,1,80.0
INS-1977,2026-09-11 04:15:00,BATCH-D,Line-3,Denim,181.3,42.51,1,Broken Yarn,1,40.0
INS-1979,2026-09-11 04:45:00,BATCH-B,Line-1,Cotton,200.8,54.19,1,Crease,1,25.0
INS-1981,2026-09-11 05:15:00,BATCH-D,Line-1,Linen,174.5,40.95,2,Hole,1,50.0
INS-1982,2026-09-11 05:30:00,BATCH-D,Line-2,Linen,166.4,40.99,2,Crease,1,25.0
INS-1983,2026-09-11 05:45:00,BATCH-A,Line-2,Cotton,178.7,43.12,0,Hole,1,0.0
INS-1984,2026-09-11 06:00:00,BATCH-D,Line-1,Linen,193.5,42.18,1,Stain,1,12.5
INS-1987,2026-09-11 06:45:00,BATCH-D,Line-1,Polyester Blend,172.8,46.45,3,Broken Yarn,1,37.5
INS-1990,2026-09-11 07:30:00,BATCH-B,Line-2,Linen,177.5,44.63,2,Stain,1,80.0
INS-1992,2026-09-11 08:00:00,BATCH-B,Line-2,Denim,205.0,34.94,0,Crease,1,0.0
INS-1993,2026-09-11 08:15:00,BATCH-D,Line-3,Cotton,216.5,44.94,2,Stain,1,80.0
INS-1994,2026-09-11 08:30:00,BATCH-D,Line-1,Denim,170.3,46.44,2,Stain,1,80.0
INS-1995,2026-09-11 08:45:00,BATCH-A,Line-2,Denim,182.0,48.92,3,Stain,1,75.0
INS-1996,2026-09-11 09:00:00,BATCH-A,Line-2,Denim,200.5,39.95,1,Hole,1,40.0
INS-1997,2026-09-11 09:15:00,BATCH-D,Line-2,Denim,167.3,39.69,2,Stain,1,25.0
INS-1998,2026-09-11 09:30:00,BATCH-D,Line-1,Linen,171.3,47.92,3,Broken Yarn,1,37.5
